  3.93656307  4.05818683  4.19394228  4.30550392  4.49555579  4.67240976
  4.95048815  5.09772817  5.23484906  5.38015833  4.45638637  4.57378854
  4.69470093  4.81940415  4.96251321  5.10885765  5.25352801  5.40248042
  5.53658987  5.64540037  4.9867452  5.12273733  5.21297252  5.34096546
  5.44040416  5.57666113  5.70385822  5.82795596  5.94319448  6.02378056
  5.53727184  5.64394491  5.73558471  5.82887949  5.93343213  6.03205624
  6.14590029  6.24133651  6.33618602  6.41256188  6.05804205  6.15590934
  6.23113309  6.30676471  6.39839378  6.47675109  6.57523253  6.65390808
  6.7272587  6.79781362  6.5728914  6.64286404  6.71027938  6.7735303
  6.8449316  6.92256899  6.98671274  7.04885734  7.11518137  7.16568308
  5.12066544  5.2246296  5.36258801  5.47758007  5.58813291  5.74373446
  5.88352536  6.00952382  6.13261057  6.26888406  5.48626944  5.5853644
  5.66190858  5.76536606  5.8477374  5.95296756  6.04740261  6.15107971
  6.2341092  6.30560479  5.92093684  6.01715087  6.08128254  6.14992675
  6.22388292  6.3162159  6.39315166  6.47192022  6.54449892  6.60947027
  6.33980033  6.41670949  6.47081782  6.51626546  6.58472776  6.65147837
  6.72257809  6.78947672  6.86027517  6.91524136  6.74158107  6.79549614
  6.85061866  6.89475711  6.94733898  6.99934435  7.06141601  7.12616489
  7.17843394  7.22251923  7.12980393  7.18068064  7.22458461  7.26231396
  7.29919912  7.34849106  7.40662718  7.44809286  7.49089263  7.53181262
  6.16522844  6.25911108  6.3418709  6.42583206  6.49507166  6.62250078
  6.7109394  6.78055009  6.87987271  6.94011514  6.34864692  6.40123891
  6.47281262  6.51709879  6.58718466  6.65620645  6.71922262  6.78653058
  6.86196481  6.91832505  6.67724668  6.72911002  6.77026553  6.81696685
  6.87154576  6.93065674  6.98410264  7.03734919  7.10010457  7.14686666
  6.96576942  7.00642781  7.05107811  7.0950184  7.13606623  7.19904007
  7.24817865  7.28856486  7.34271188  7.38253561  7.28260791  7.31691466
  7.35551581  7.38629125  7.4251602  7.47047464  7.51438043  7.5580624
  7.59803288  7.64508444  7.5836751  7.62128996  7.64996368  7.68763745
  7.71472911  7.74917959  7.78796468  7.82898214  7.86580417  7.90060496
  7.11521935  7.17126004  7.23520615  7.26546987  7.32797266  7.38756153
  7.44883014  7.51006514  7.54263283  7.60752278  7.13744394  7.18235002
  7.22047091  7.26119879  7.30837373  7.34833047  7.40572385  7.46000758
  7.49881391  7.53751198  7.36345484  7.40341544  7.43892799  7.47498391
  7.51769125  7.55064384  7.59602395  7.64363776  7.67363446  7.7181718
  7.59181001  7.61873765  7.64494692  7.68154362  7.71774775  7.75391402
  7.79225202  7.83726299  7.86066711  7.90069466  7.83147326  7.85498948
  7.8738695  7.90317781  7.93101821  7.96195592  8.0044276  8.03403796
  8.07118382  8.10187591  8.07153638  8.08788832  8.11548348  8.13966706
  8.16567825  8.18737365  8.22593607  8.2548441  8.28849062  8.31372783
  6.0417913  6.14150306  6.22107284  6.29445023  6.3963506  6.49599364
  6.60851047  6.68040748  6.77321917  6.83912753  6.22926623  6.3137656
  6.35838272  6.4308432  6.49368783  6.56133654  6.6299347  6.70222254
  6.7584933  6.82612918  6.57610358  6.63005548  6.67063932  6.72023455
  6.76816394  6.83632087  6.89843642  6.95387035  7.01177648  7.06113359
  6.88451516  6.92634389  6.96874126  7.01063786  7.05690834  7.11056455
  7.1668897  7.21625423  7.26233332  7.30158641  7.20251641  7.24297345
  7.26801161  7.31249732  7.3489834  7.39198416  7.43871709  7.48747582
  7.53001163  7.57037481  7.51417641  7.55465248  7.58201498  7.60882501
  7.6489186  7.68710741  7.72808888  7.76443222  7.80312744  7.83850723
  6.80753237  6.89568855  6.94228498  7.00728094  7.07632876  7.14149902
  7.21190412  7.27724189  7.33718308  7.39563813  6.88449603  6.9279801
  6.97897578  7.02268124  7.07369106  7.12698856  7.1826503  7.2345219
  7.2861286  7.3354232  7.14310975  7.19157842  7.22073678  7.26456003
  7.30582097  7.35525409  7.39793381  7.4421013  7.49201104  7.53436486
  7.38038954  7.43029793  7.44973643  7.49199194  7.53473649  7.56747689
  7.60715452  7.64350878  7.6951047  7.73194132  7.63983979  7.68120388
  7.70004389  7.74064713  7.76638297  7.80871966  7.83957226  7.87647529
  7.91763981  7.9422234  7.90320858  7.93547811  7.95688623  7.98813107
  8.017577  8.04854487  8.07684237  8.11142028  8.14455137  8.17284382
