  3.89019961  3.994456  4.14690736  4.27241465  4.43556964  4.60329524
  4.72113287  4.87719226  5.01884597  5.14255484  4.41236014  4.53046063
  4.63190282  4.7536968  4.89593433  5.00714442  5.12686697  5.24078941
  5.35554182  5.45844677  4.96264915  5.08952223  5.16675221  5.24939543
  5.37030898  5.46663594  5.57216158  5.65526679  5.75096754  5.84165965
  5.47791374  5.58364751  5.64818074  5.72801434  5.82523639  5.89684288
  5.97839332  6.06879938  6.1269643  6.20257913  5.9709509  6.0516926
  6.11816568  6.17917867  6.25742903  6.31947069  6.39844807  6.46028018
  6.52332858  6.58385658  6.51036484  6.55197171  6.60804468  6.6671674
  6.72964847  6.78157385  6.83263013  6.89436379  6.92714833  6.9842563
  5.05273453  5.15635951  5.25309145  5.37405936  5.49442245  5.61451688
  5.7319464  5.81963631  5.9244815  6.00869346  5.47035378  5.55430364
  5.63127519  5.73920309  5.81987015  5.89722984  5.99926719  6.07267127
  6.1530629  6.21959572  5.91403649  5.98743908  6.05334993  6.13392356
  6.20084934  6.2713586  6.35015873  6.40879846  6.4722704  6.53251326
  6.32193198  6.36815658  6.42622406  6.48266367  6.54982158  6.60926933
  6.66614366  6.72681594  6.78637631  6.83538495  6.70829241  6.74791345
  6.80639387  6.84481986  6.9013378  6.95670288  7.00514264  7.04728109
  7.11215201  7.15020404  7.12788426  7.1815003  7.20882677  7.25022468
  7.28980016  7.33044856  7.37312293  7.41551316  7.46064729  7.49531144
  6.05271445  6.11629939  6.2054887  6.27571582  6.34889684  6.45353733
  6.50940045  6.57620772  6.63862091  6.68769791  6.32393514  6.38008938
  6.43707278  6.50858065  6.560877  6.61256096  6.68275028  6.74184575
  6.79892476  6.83555609  6.65045105  6.69680766  6.74302494  6.79391233
  6.84234919  6.8954132  6.94933045  6.99790472  7.04850922  7.09337087
  6.94590754  6.98109408  7.02494591  7.07209591  7.10808202  7.15759556
  7.20001679  7.25650749  7.2833241  7.32488223  7.25468697  7.28091917
  7.32285888  7.36018153  7.39313431  7.43091686  7.47441537  7.50389891
  7.53789203  7.56849689  7.58643932  7.60835417  7.63979762  7.6724226
  7.70448275  7.73396268  7.76747056  7.80194682  7.83792942  7.86159972
  6.96778348  7.01477759  7.06575665  7.12725414  7.16503054  7.22264404
  7.26976524  7.31372076  7.35849505  7.4013543  7.14648476  7.18028735
  7.22318402  7.24822566  7.30308868  7.34374892  7.39036212  7.42643606
  7.46513827  7.49891272  7.36740789  7.40024256  7.43821427  7.4666956
  7.51228711  7.54435461  7.57789539  7.61301469  7.65195063  7.68966123
  7.58631882  7.62295125  7.64755174  7.6724904  7.69877702  7.73813603
  7.77604611  7.80242939  7.83116556  7.86700267  7.81723685  7.84067597
  7.86511891  7.89362804  7.92307581  7.95624616  7.97801151  8.01201273
  8.03836214  8.07263203  8.07692611  8.09578379  8.12456554  8.14843331
  8.17095179  8.19923538  8.22113198  8.24663306  8.26827273  8.29506776
