  3.83460595  4.02884234  4.16013877  4.32249942  4.4714772  4.65104368
  4.82672534  4.99388543  5.15194539  5.26521195  4.34934017  4.52546465
  4.67828699  4.79798408  4.92628962  5.04082286  5.19944729  5.32471302
  5.43309733  5.54170908  4.89619039  5.06790222  5.19600353  5.30130349
  5.41476964  5.54343293  5.65062321  5.7653813  5.84873267  5.93819981
  5.45529319  5.58910682  5.71235856  5.80828284  5.89391125  6.00223455
  6.08401695  6.17780498  6.26282018  6.33826142  5.98992948  6.10149645
  6.20333385  6.27277522  6.34627192  6.43722607  6.51573282  6.59447549
  6.66623209  6.72420547  6.49604731  6.60621589  6.6769106  6.75200346
  6.81163552  6.88175163  6.94878675  7.01259786  7.06933085  7.12105589
  5.01084779  5.1786454  5.32960515  5.45829096  5.57928408  5.71750398
  5.82300608  5.95437688  6.05588624  6.15218862  5.42143518  5.54140133
  5.65943909  5.76033444  5.83276289  5.91943057  6.01171736  6.10872407
  6.19065825  6.25993978  5.88157276  5.98626809  6.06836385  6.13129184
  6.21089561  6.28032061  6.37742093  6.42463643  6.50808245  6.56972605
  6.29826443  6.38104585  6.43831308  6.50823783  6.58509215  6.6340281
  6.69343567  6.75361782  6.82017837  6.87555414  6.70866313  6.77633996
  6.83405022  6.88383983  6.92706143  6.99200994  7.03560536  7.09894735
  7.14323505  7.1837748  7.10524709  7.15810966  7.2150631  7.25077524
  7.28628433  7.33950352  7.37905696  7.42948377  7.46375817  7.50986594
  6.11216026  6.22750174  6.3184542  6.41859759  6.49826346  6.57169832
  6.66060489  6.75872768  6.81152827  6.89294981  6.29400631  6.39949897
  6.45748825  6.53442244  6.59029027  6.62839418  6.70578022  6.7618102
  6.82375412  6.8706079  6.63033866  6.7017478  6.76177735  6.80617715
  6.85463541  6.90520061  6.95663151  7.02758332  7.07430242  7.11255145
  6.94055989  7.00398446  7.04694595  7.09413403  7.13339427  7.17566452
  7.22636868  7.27522719  7.31712028  7.36379265  7.25903689  7.2995657
  7.33582791  7.37998544  7.40786065  7.45713453  7.4983032  7.53650456
  7.58111546  7.61369681  7.57133335  7.60098864  7.64168119  7.67798593
  7.70388187  7.73404953  7.77618719  7.81319681  7.84617959  7.87450361
  7.07077951  7.13773642  7.2231333  7.26462124  7.31852929  7.36706623
  7.43681298  7.4856145  7.53274533  7.5713038  7.12046132  7.16524371
  7.21586438  7.25224082  7.29697074  7.34282313  7.37816832  7.43174376
  7.47043781  7.50689517  7.34666092  7.39151003  7.43220733  7.46474793
  7.50384831  7.53970339  7.57884232  7.61633058  7.66252886  7.69375312
  7.56826262  7.60968861  7.64723355  7.67521194  7.70867247  7.7436879
  7.7729676  7.8096991  7.84228969  7.88490772  7.80775242  7.84212079
  7.87617288  7.90032432  7.92727113  7.95920844  7.99064482  8.02158825
  8.05464318  8.07946925  8.046162  8.08482113  8.10752869  8.13912965
  8.15954291  8.18524155  8.21512748  8.24371568  8.27268696  8.29111553
  6.01340043  6.12684301  6.20508767  6.31325248  6.383419  6.47453184
  6.56444309  6.6296532  6.71087785  6.77319228  6.18781171  6.29049187
  6.35167193  6.41169516  6.4825795  6.53426077  6.60284574  6.66916758
  6.72241107  6.77775014  6.54334384  6.60007265  6.66334471  6.71236347
  6.7643254  6.81977736  6.86908373  6.93766162  6.98393682  7.03149521
  6.85259651  6.91571483  6.95864195  7.00680767  7.05347705  7.0965798
  7.14579044  7.18438128  7.23209838  7.27718909  7.18289816  7.23092542
  7.26845793  7.30252355  7.34888648  7.38104488  7.43291435  7.46811723
  7.50488273  7.55053336  7.50287125  7.54321389  7.57634687  7.60973789
  7.64420664  7.66886374  7.71241046  7.75005495  7.78434828  7.81445076
  6.75243508  6.87086034  6.93756261  7.00681901  7.05540638  7.12346721
  7.18766208  7.23819303  7.29855775  7.34746613  6.84923266  6.91977794
  6.97513086  7.0124371  7.0624793  7.10847904  7.15097955  7.21233056
  7.25477918  7.29665674  7.12093771  7.16664646  7.22170311  7.25255222
  7.30036446  7.33825931  7.37689487  7.42584668  7.46581793  7.50442384
  7.36780688  7.4126002  7.4443891  7.48569568  7.52754222  7.55703292
  7.59556209  7.62916845  7.67287835  7.70643137  7.62586258  7.66701457
  7.69901721  7.73520646  7.75557884  7.79424504  7.82789476  7.86666116
  7.89549238  7.92819493  7.88597415  7.92750582  7.95617536  7.977206
  8.00916122  8.04610681  8.06429747  8.09908218  8.12440012  8.15322086
