***********************************************************
*
*  parameter set for running cut option IPAMDL(7) = 1
*
*  new fits
*
***********************************************************
NEXTDATA
   -2212  GRV94 LO     5     6     0
    2212  GRV94 LO     5     6     0
       1.080   0.250   6.926   6.926   1.208   1.208
       0.490   1.000   5.908   5.908   2.174   2.174
       0.149   0.500   0.176   0.300
     1.00000 0.00000 1.00000 0.00000
       2.500
       1.000
       0.600   0.600
       1.100   1.100   3.000
NEXTDATA
    2212  GRV94 LO     5     6     0
   -2212  GRV94 LO     5     6     0
       1.080   0.250   6.926   6.926   1.208   1.208
       0.490   1.000   5.908   5.908   2.174   2.174
       0.149   0.500   0.176   0.300
     1.00000 0.00000 1.00000 0.00000
       2.500
       1.000
       0.600   0.600
       1.100   1.100   3.000
NEXTDATA
    2212  GRV94 LO     5     6     0
    2212  GRV94 LO     5     6     0
       1.080   0.250   6.926   6.926   1.208   1.208
       0.490   1.000   5.908   5.908   2.174   2.174
       0.149   0.500   0.576   0.300
     1.00000 0.00000 1.00000 0.00000
       2.500
       1.000
       0.600   0.600
       1.100   1.100   3.000
NEXTDATA
    -211  GRV-P LO     5     2     0
    2212  GRV94 LO     5     6     0
       1.080   0.250   3.658   6.926   0.359   1.208
       0.490   1.000   8.384   7.945   0.072   1.174
       0.149   0.500   0.176   0.300
     1.00000 0.00000 1.00000 0.00000
       2.500
       1.000
       0.700   0.600
       0.300   1.100   3.000
NEXTDATA
     211  GRV-P LO     5     2     0
    2212  GRV94 LO     5     6     0
       1.080   0.250   3.706   6.926   0.362   1.208
       0.490   1.000   5.090   7.945   2.289   1.174
       0.149   0.500   0.176   0.300
     1.00000 0.00000 1.00000 0.00000
       2.500
       1.000
       0.700   0.600
       0.300   1.100   3.000
NEXTDATA
     111  GRV-P LO     5     2     0
    2212  GRV94 LO     5     6     0
       1.080   0.250   3.706   6.926   0.362   1.208
       0.490   1.000   5.090   7.945   2.289   1.174
       0.149   0.500   0.176   0.300
     1.00000 0.00000 1.00000 0.00000
       2.500
       1.000
       0.700   0.600
       0.300   1.100   3.000
NEXTDATA
    -321  GRV-P LO     5     2     0
    2212  GRV94 LO     5     6     0
       1.080   0.250   3.658   6.926   0.359   1.208
       0.490   1.000   8.384   7.945   0.072   1.174
       0.149   0.500   0.176   0.300
     1.00000 0.00000 1.00000 0.00000
       2.500
       1.000
       0.700   0.600
       0.300   1.100   3.000
NEXTDATA
     321  GRV-P LO     5     2     0
    2212  GRV94 LO     5     6     0
       1.080   0.250   3.706   6.926   0.362   1.208
       0.490   1.000   5.090   7.945   2.289   1.174
       0.149   0.500   0.176   0.300
     1.00000 0.00000 1.00000 0.00000
       2.500
       1.000
       0.700   0.600
       0.300   1.100   3.000
NEXTDATA
      22  GRV-G LO     5     3     0
    2212  GRV94 LO     5     6     0
       1.080   0.250   2.863   6.926   1.030   1.208
       0.473   1.000   8.526   5.908   0.000   0.374
       0.149   0.500   0.176   0.300
     0.00446 0.00008 1.00000 0.00000
       2.500
       1.000
       0.750   0.600
       1.000   1.100   3.000
NEXTDATA
    2212  GRV94 LO     5     6     0
      22  GRV-G LO     5     3     0
       1.080   0.250   6.926   2.863   1.208   1.030
       0.473   1.000   5.908   8.526   0.374   0.000
       0.149   0.500   0.176   0.300
     1.00000 0.00000 0.00446 0.00008
       2.500
       1.000
       0.600   0.750
       1.100   1.000   3.000
NEXTDATA
      22  GRV-G LO     5     3     0
      22  GRV-G LO     5     3     0
       1.080   0.250   2.863   2.863   1.030   1.030
       0.473   1.000   5.526   5.526   0.124   0.124
       0.149   0.500   0.176   0.300
     0.00446 0.00008 0.00446 0.00008
       2.500
       1.000
       0.750   0.750
       1.000   1.000   3.000
NEXTDATA
     211  GRV-P LO     5     2     0
     211  GRV-P LO     5     2     0
       1.080   0.250   3.706   3.706   0.362   0.362
       0.490   1.000   7.945   7.945   1.174   1.174
       0.149   0.500   0.176   0.300
     1.00000 0.00000 1.00000 0.00000
       2.500
       1.000
       0.700   0.700
       0.300   0.300   3.000
NEXTDATA
    2212  GRV94 LO     5     6     0
    2112  GRV94 LO     5     6     0
       1.080   0.250   6.926   6.926   1.208   1.208
       0.490   1.000   5.908   5.908   2.174   2.174
       0.149   0.500   0.576   0.300
     1.00000 0.00000 1.00000 0.00000
       2.500
       1.000
       0.600   0.600
       1.100   1.100   3.000
NEXTDATA
    2112  GRV94 LO     5     6     0
    2212  GRV94 LO     5     6     0
       1.080   0.250   6.926   6.926   1.208   1.208
       0.490   1.000   5.908   5.908   2.174   2.174
       0.149   0.500   0.576   0.300
     1.00000 0.00000 1.00000 0.00000
       2.500
       1.000
       0.600   0.600
       1.100   1.100   3.000
NEXTDATA
    2112  GRV94 LO     5     6     0
    2112  GRV94 LO     5     6     0
       1.080   0.250   6.926   6.926   1.208   1.208
       0.490   1.000   5.908   5.908   2.174   2.174
       0.149   0.500   0.576   0.300
     1.00000 0.00000 1.00000 0.00000
       2.500
       1.000
       0.600   0.600
       1.100   1.100   3.000
NEXTDATA
   -2112  GRV94 LO     5     6     0
    2212  GRV94 LO     5     6     0
       1.080   0.250   6.926   6.926   1.208   1.208
       0.490   1.000   5.908   5.908   2.174   2.174
       0.149   0.500   0.176   0.300
     1.00000 0.00000 1.00000 0.00000
       2.500
       1.000
       0.600   0.600
       1.100   1.100   3.000
NEXTDATA
      22  GRV-G LO     5     3     0
   -2212  GRV94 LO     5     6     0
       1.080   0.250   2.863   6.926   1.030   1.208
       0.473   1.000   8.526   5.908   0.000   0.374
       0.149   0.500   0.176   0.300
     0.00446 0.00008 1.00000 0.00000
       2.500
       1.000
       0.750   0.600
       1.000   1.100   3.000
NEXTDATA
      22  GRV-G LO     5     3     0
    2112  GRV94 LO     5     6     0
       1.080   0.250   2.863   6.926   1.030   1.208
       0.473   1.000   8.526   5.908   0.000   0.374
       0.149   0.500   0.176   0.300
     0.00446 0.00008 1.00000 0.00000
       2.500
       1.000
       0.750   0.600
       1.000   1.100   3.000
STOP
